%YAML:1.0
---
camera_matrix: !!opencv-matrix
   rows: 3
   cols: 3
   dt: d
   data: [ 6.0807028787695833e+02, 0., 4.1063793999266471e+02, 0.,
       6.0783499922459191e+02, 3.0155987332153433e+02, 0., 0., 1. ]
dist_coeff: !!opencv-matrix
   rows: 1
   cols: 5
   dt: d
   data: [ 1.4402063277244923e-01, -6.8023503530023832e-01,
       2.1208220599685488e-04, 8.3593062329239617e-03,
       1.1485061095875233e+00 ]
